+-+-+-+-+-+-+-+-+-+-+-+-+-+-+ GRAFO CARGADO +-+-+-+-+-+-+-+-+-+-+-+-+-+-+-
        1         2         3         4         5         6         7         8         9         10        11        12        13        14        15        16        17        18        19        20        21        22        23        24        25        26        27        28        29        30        31        32        33        34
1     0         52.345    38.471    76.158    33.941    31.623    40.249    36.715    48.703    57.271    31.623    62.032    68.029    36.056    31.623    42.048    47.202    69.426    27.785    69.656    12.166    42.19    54.918    60.299    44.272    65.299    17.088    52.038    66.03    38.833    42.379    69.656    74.726    36.715    
2     52.345    0         75.392    104.019    81.707    35.384    20.0    23.324    11.662    88.837    39.446    17.088    97.652    40.0    22.361    18.439    86.163    40.0    68.411    38.053    64.125    60.0    91.236    8.0    22.361    45.122    62.032    4.0    50.0    14.142    23.324    48.662    73.348    84.853    
3     38.471    75.392    0         37.947    58.31    68.118    56.321    52.498    66.483    18.974    36.878    76.942    29.732    38.21    53.666    58.241    10.77    71.021    10.77    72.691    32.558    23.409    16.971    82.873    76.837    62.097    51.42    76.968    59.464    61.741    75.286    65.146    53.74    21.26    
4     76.158    104.019    37.947    0         94.191    104.307    84.024    80.92    93.231    18.974    65.115    100.24    8.246    64.031    84.853    85.604    32.062    85.44    48.703    87.932    70.342    44.045    24.0    110.436    110.635    74.726    89.286    106.527    69.857    92.022    109.343    75.71    50.04    52.038    
5     33.941    81.707    58.31    94.191    0         50.359    73.239    70.0    80.623    76.0    65.299    94.021    86.093    69.656    63.812    74.887    62.129    103.325    49.031    103.479    28.636    71.694    70.257    89.196    66.753    99.156    19.698    80.324    99.639    69.771    64.777    103.479    105.603    42.755    
6     31.623    35.384    68.118    104.307    50.359    0         37.363    36.497    39.446    86.023    44.721    51.225    96.519    48.374    28.284    37.947    77.795    69.08    58.0    68.029    42.942    63.906    85.041    41.617    16.492    69.857    32.062    32.802    72.993    28.636    14.56    74.216    90.2    68.264    
7     40.249    20.0    56.321    84.024    73.239    37.363    0         4.0    10.198    68.964    19.698    22.361    77.666    20.0    10.0    2.0    67.052    32.249    50.359    31.623    50.596    40.0    71.694    26.833    32.558    32.558    54.037    22.627    36.056    10.198    32.249    36.878    56.321    68.0    
8     36.715    23.324    52.498    80.92    70.0    36.497    4.0    0         14.142    65.513    16.125    26.306    74.404    16.971    8.246    6.0    63.246    34.409    46.39    34.059    46.819    36.878    68.029    30.463    33.526    33.526    50.99    25.612    36.497    11.662    32.985    37.947    55.317    64.0    
9     48.703    11.662    66.483    93.231    80.623    39.446    10.198    14.142    0         78.715    29.732    13.416    87.132    29.53    17.088    8.246    77.201    30.594    60.531    29.12    59.666    49.396    81.707    17.205    30.265    34.234    61.057    15.232    38.833    11.314    30.594    38.053    61.741    78.026    
10    57.271    88.837    18.974    18.974    76.0    86.023    68.964    65.513    78.715    0         49.396    87.316    10.77    49.193    68.411    70.711    14.56    76.236    29.732    78.409    51.42    29.732    8.485    95.771    93.338    66.03    70.342    90.973    62.032    76.026    91.935    68.029    48.332    34.928    
11    31.623    39.446    36.878    65.115    65.299    44.721    19.698    16.125    29.732    49.396    0         40.2    58.412    4.472    20.0    21.541    47.539    39.446    32.062    40.249    38.419    21.26    52.0    46.519    46.648    33.941    48.374    41.617    34.409    26.907    45.651    38.21    46.043    50.636    
12    62.032    17.088    76.942    100.24    94.021    51.225    22.361    26.306    13.416    87.316    40.2    0         94.847    38.833    30.463    20.396    87.476    24.739    72.028    22.361    72.801    57.585    91.214    16.125    39.395    32.249    74.431    20.881    37.736    24.413    40.249    34.928    62.801    90.089    
13    68.029    97.652    29.732    8.246    86.093    96.519    77.666    74.404    87.132    10.77    58.412    94.847    0         57.689    77.897    79.322    24.0    81.584    40.497    83.952    62.097    37.736    16.125    104.307    103.325    71.021    81.043    100.0    66.483    85.276    101.98    72.443    49.031    44.181    
14    36.056    40.0    38.21    64.031    69.656    48.374    20.0    16.971    29.53    49.193    4.472    38.833    57.689    0         22.361    21.633    48.662    35.777    34.525    36.77    42.521    20.0    52.498    46.648    49.193    29.732    52.839    42.521    30.0    28.425    48.332    33.941    42.0    53.367    
15    31.623    22.361    53.666    84.853    63.812    28.284    10.0    8.246    17.088    68.411    20.0    30.463    77.897    22.361    0         11.314    64.405    42.19    46.174    41.617    42.755    41.231    69.971    30.265    26.833    41.761    44.407    23.409    44.721    8.246    26.0    46.174    62.801    62.514    
16    42.048    18.439    58.241    85.604    74.887    37.947    2.0    6.0    8.246    70.711    21.541    20.396    79.322    21.633    11.314    0         68.964    31.305    52.345    30.529    52.498    41.617    73.539    25.06    32.249    32.249    55.606    21.26    36.0    10.0    32.062    36.497    56.921    70.0    
17    47.202    86.163    10.77    32.062    62.129    77.795    67.052    63.246    77.201    14.56    47.539    87.476    24.0    48.662    64.405    68.964    0         80.399    19.799    82.219    39.395    32.249    8.246    93.638    87.201    71.021    58.31    87.727    67.912    72.498    85.604    73.756    58.822    20.396    
18    69.426    40.0    71.021    85.44    103.325    69.08    32.249    34.409    30.594    76.236    39.446    24.739    81.584    35.777    42.19    31.305    80.399    0         69.57    2.828    77.666    48.166    82.0    40.792    60.828    10.77    84.9    44.0    16.125    40.497    61.188    11.314    41.231    88.544    
19    27.785    68.411    10.77    48.703    49.031    58.0    50.359    46.39    60.531    29.732    32.062    72.028    40.497    34.525    46.174    52.345    19.799    69.57    0         70.88    22.091    25.456    27.203    76.158    67.676    61.741    40.792    69.57    60.033    54.406    66.03    65.299    58.822    18.974    
20    69.656    38.053    72.691    87.932    103.479    68.029    31.623    34.059    29.12    78.409    40.249    22.361    83.952    36.77    41.617    30.529    82.219    2.828    70.88    0         78.23    50.04    84.024    38.471    59.228    13.416    84.853    42.048    18.868    39.395    59.666    14.142    44.045    89.844    
21    12.166    64.125    32.558    70.342    28.636    42.942    50.596    46.819    59.666    51.42    38.419    72.801    62.097    42.521    42.755    52.498    39.395    77.666    22.091    78.23    0         43.081    47.539    72.111    56.321    72.25    18.974    64.0    72.139    50.359    54.406    76.42    76.968    25.612    
22    42.19    60.0    23.409    44.045    71.694    63.906    40.0    36.878    49.396    29.732    21.26    57.585    37.736    20.0    41.231    41.617    32.249    48.166    25.456    50.04    43.081    0         34.234    66.573    67.676    38.833    58.856    62.482    36.056    48.083    66.573    41.761    34.0    43.267    
23    54.918    91.236    16.971    24.0    70.257    85.041    71.694    68.029    81.707    8.485    52.0    91.214    16.125    52.498    69.971    73.539    8.246    82.0    27.203    84.024    47.539    34.234    0         98.489    93.723    72.111    66.483    93.059    68.469    77.897    92.195    74.431    56.356    28.071    
24    60.299    8.0    82.873    110.436    89.196    41.617    26.833    30.463    17.205    95.771    46.519    16.125    104.307    46.648    30.265    25.06    93.638    40.792    76.158    38.471    72.111    66.573    98.489    0         26.907    47.539    69.57    8.944    52.802    22.091    28.284    50.596    77.175    92.779    
25    44.272    22.361    76.837    110.635    66.753    16.492    32.558    33.526    30.265    93.338    46.648    39.395    103.325    49.193    26.833    32.249    87.201    60.828    67.676    59.228    56.321    67.676    93.723    26.907    0         64.0    48.042    18.868    68.118    22.361    2.0    68.029    88.769    80.623    
26    65.299    45.122    62.097    74.726    99.156    69.857    32.558    33.526    34.234    66.03    33.941    32.249    71.021    29.732    41.761    32.249    71.021    10.77    61.741    13.416    72.25    38.833    72.111    47.539    64.0    0         81.609    49.031    5.657    42.19    64.031    4.472    31.113    80.623    
27    17.088    62.032    51.42    89.286    19.698    32.062    54.037    50.99    61.057    70.342    48.374    74.431    81.043    52.839    44.407    55.606    58.31    84.9    40.792    84.853    18.974    58.856    66.483    69.57    48.042    81.609    0         60.729    82.68    50.12    46.043    86.023    91.761    42.802    
28    52.038    4.0    76.968    106.527    80.324    32.802    22.627    25.612    15.232    90.973    41.617    20.881    100.0    42.521    23.409    21.26    87.727    44.0    69.57    42.048    64.0    62.482    93.059    8.944    18.868    49.031    60.729    0         53.852    15.232    20.0    52.612    76.968    85.51    
29    66.03    50.0    59.464    69.857    99.639    72.993    36.056    36.497    38.833    62.032    34.409    37.736    66.483    30.0    44.721    36.0    67.912    16.125    60.033    18.868    72.139    36.056    68.469    52.802    68.118    5.657    82.68    53.852    0         46.0    68.029    6.0    25.456    78.715    
30    38.833    14.142    61.741    92.022    69.771    28.636    10.198    11.662    11.314    76.026    26.907    24.413    85.276    28.425    8.246    10.0    72.498    40.497    54.406    39.395    50.359    48.083    77.897    22.091    22.361    42.19    50.12    15.232    46.0    0         22.091    46.39    66.483    70.711    
31    42.379    23.324    75.286    109.343    64.777    14.56    32.249    32.985    30.594    91.935    45.651    40.249    101.98    48.332    26.0    32.062    85.604    61.188    66.03    59.666    54.406    66.573    92.195    28.284    2.0    64.031    46.043    20.0    68.029    22.091    0         68.118    88.295    78.791    
32    69.656    48.662    65.146    75.71    103.479    74.216    36.878    37.947    38.053    68.029    38.21    34.928    72.443    33.941    46.174    36.497    73.756    11.314    65.299    14.142    76.42    41.761    74.431    50.596    68.029    4.472    86.023    52.612    6.0    46.39    68.118    0         30.0    84.095    
33    74.726    73.348    53.74    50.04    105.603    90.2    56.321    55.317    61.741    48.332    46.043    62.801    49.031    42.0    62.801    56.921    58.822    41.231    58.822    44.045    76.968    34.0    56.356    77.175    88.769    31.113    91.761    76.968    25.456    66.483    88.295    30.0    0         74.967    
34    36.715    84.853    21.26    52.038    42.755    68.264    68.0    64.0    78.026    34.928    50.636    90.089    44.181    53.367    62.514    70.0    20.396    88.544    18.974    89.844    25.612    43.267    28.071    92.779    80.623    80.623    42.802    85.51    78.715    70.711    78.791    84.095    74.967    0         


Demandas:
1: 0.0
2: 23.0
3: 3.0
4: 24.0
5: 15.0
6: 15.0
7: 24.0
8: 7.0
9: 25.0
10: 13.0
11: 5.0
12: 7.0
13: 5.0
14: 14.0
15: 13.0
16: 5.0
17: 24.0
18: 15.0
19: 9.0
20: 16.0
21: 13.0
22: 16.0
23: 13.0
24: 24.0
25: 20.0
26: 23.0
27: 20.0
28: 3.0
29: 15.0
30: 12.0
31: 19.0
32: 4.0
33: 15.0
34: 1.0
+-+-+-+-+-+-+-+-+-+-+-+-+-+-+-+ SOLUCION INICIAL +-+-+-+-+-+-+-+-+-+-+-+-+-+-+-+-

Ruta #1: [1, 2, 30, 9, 24, 28]
Costo asociado: 155.988      Capacidad: 87.0

Ruta #2: [1, 4, 34, 22, 17, 23, 13, 10, 3]
Costo asociado: 296.298      Capacidad: 99.0

Ruta #3: [1, 7, 15, 8, 11, 14, 19, 21]
Costo asociado: 147.874      Capacidad: 85.0

Ruta #4: [1, 12, 16, 18, 20, 26, 32, 29, 33]
Costo asociado: 240.631      Capacidad: 100.0

Ruta #5: [1, 25, 31, 6, 5, 27]
Costo asociado: 147.977      Capacidad: 89.0

--> Costo total: 988.7679999999999          Capacidad total: 460.0

+-+-+-+-+-+-+-+-+-+-+-+-+-+-+-+-+-+-+-+-+-+-+-+-+- Iteracion 1  +-+-+-+-+-+-+-+-+-+-+-+-+-+-+-+-+-+-+-+-+-+-+-+-+-


Ruta #1: [1, 2, 30, 9, 24, 28, 16]
Costo asociado: 167.25799999999998      Capacidad: 92.0

Ruta #2: [1, 4, 34, 22, 17, 23, 13, 10, 3]
Costo asociado: 296.298      Capacidad: 99.0

Ruta #3: [1, 7, 15, 8, 11, 14, 19, 21]
Costo asociado: 147.874      Capacidad: 85.0

Ruta #4: [1, 12, 18, 20, 26, 32, 29, 33]
Costo asociado: 213.66899999999998      Capacidad: 95.0

Ruta #5: [1, 25, 31, 6, 5, 27]
Costo asociado: 147.977      Capacidad: 89.0

--> Costo total: 973.0759999999999          Capacidad total: 460.0

La solución anterior duró 0min 0seg    -------> Nuevo optimo local. Costo: 973.076       ==> Optimo: 778.0  Desvio: 25.1%
Lista tabu: []

+-+-+-+-+-+-+-+-+-+-+-+-+-+-+-+-+-+-+-+-+-+-+-+-+- Iteracion 2  +-+-+-+-+-+-+-+-+-+-+-+-+-+-+-+-+-+-+-+-+-+-+-+-+-


Ruta #1: [1, 2, 30, 9, 12, 24, 28, 16]
Costo asociado: 179.594      Capacidad: 99.0

Ruta #2: [1, 4, 34, 22, 17, 23, 13, 10, 3]
Costo asociado: 296.298      Capacidad: 99.0

Ruta #3: [1, 7, 15, 8, 11, 14, 19, 21]
Costo asociado: 147.874      Capacidad: 85.0

Ruta #4: [1, 18, 20, 26, 32, 29, 33]
Costo asociado: 196.324      Capacidad: 88.0

Ruta #5: [1, 25, 31, 6, 5, 27]
Costo asociado: 147.977      Capacidad: 89.0

--> Costo total: 968.0669999999999          Capacidad total: 460.0

La solución anterior duró 0min 0seg    -------> Nuevo optimo local. Costo: 968.067       ==> Optimo: 778.0  Desvio: 24.4%
Lista tabu: [((12,16,20.396),6), ((16,18,31.305),6), ((28,1,52.038),6), ((28,16,21.26),5)]

+-+-+-+-+-+-+-+-+-+-+-+-+-+-+-+-+-+-+-+-+-+-+-+-+- Iteracion 4  +-+-+-+-+-+-+-+-+-+-+-+-+-+-+-+-+-+-+-+-+-+-+-+-+-


Ruta #1: [1, 2, 30, 9, 12, 24, 28, 16]
Costo asociado: 179.594      Capacidad: 99.0

Ruta #2: [1, 4, 34, 22, 17, 23, 13, 10, 3]
Costo asociado: 296.298      Capacidad: 99.0

Ruta #3: [1, 7, 15, 8, 14, 11, 19, 21]
Costo asociado: 146.257      Capacidad: 85.0

Ruta #4: [1, 18, 20, 26, 32, 29, 33]
Costo asociado: 196.324      Capacidad: 88.0

Ruta #5: [1, 25, 31, 6, 5, 27]
Costo asociado: 147.977      Capacidad: 89.0

--> Costo total: 966.4499999999999          Capacidad total: 460.0

La solución anterior duró 0min 0seg    -------> Nuevo optimo local. Costo: 966.45       ==> Optimo: 778.0  Desvio: 24.2%
Lista tabu: [((12,16,20.396),4), ((16,18,31.305),4), ((28,1,52.038),4), ((28,16,21.26),3), ((1,12,62.032),5), ((12,18,24.739),5), ((9,24,17.205),5), ((9,12,13.416),4), ((24,28,8.944),4), ((28,16,21.26),4), ((1,25,44.272),4), ((25,28,18.868),3)]

+-+-+-+-+-+-+-+-+-+-+-+-+-+-+-+-+-+-+-+-+-+-+-+-+- Iteracion 13  +-+-+-+-+-+-+-+-+-+-+-+-+-+-+-+-+-+-+-+-+-+-+-+-+-


Ruta #1: [1, 2, 30, 9, 12, 24, 28, 16]
Costo asociado: 179.594      Capacidad: 99.0

Ruta #2: [1, 34, 22, 17, 23, 13, 4, 10, 3]
Costo asociado: 221.26699999999997      Capacidad: 99.0

Ruta #3: [1, 7, 15, 8, 14, 11, 19, 21]
Costo asociado: 146.257      Capacidad: 85.0

Ruta #4: [1, 18, 20, 26, 32, 29, 33]
Costo asociado: 196.324      Capacidad: 88.0

Ruta #5: [1, 25, 31, 6, 5, 27]
Costo asociado: 147.977      Capacidad: 89.0

--> Costo total: 891.419          Capacidad total: 460.0

La solución anterior duró 0min 0seg    -------> Nuevo optimo local. Costo: 891.419       ==> Optimo: 778.0  Desvio: 14.6%
Lista tabu: [((1,7,40.249),1), ((7,15,10.0),1), ((28,16,21.26),1), ((16,1,42.048),1), ((1,18,69.426),2), ((32,29,6.0),2), ((18,29,16.125),1), ((28,16,21.26),3), ((16,1,42.048),3), ((14,11,4.472),3), ((11,16,21.541),2), ((24,28,8.944),4), ((28,16,21.26),4), ((25,31,2.0),4), ((28,31,20.0),3)]

+-+-+-+-+-+-+-+-+-+-+-+-+-+-+-+-+-+-+-+-+-+-+-+-+- Iteracion 14  +-+-+-+-+-+-+-+-+-+-+-+-+-+-+-+-+-+-+-+-+-+-+-+-+-


Ruta #1: [1, 15, 30, 9, 12, 24, 28, 16]
Costo asociado: 152.976      Capacidad: 89.0

Ruta #2: [1, 34, 22, 17, 23, 13, 4, 10, 3]
Costo asociado: 221.26699999999997      Capacidad: 99.0

Ruta #3: [1, 7, 2, 8, 14, 11, 19, 21]
Costo asociado: 171.335      Capacidad: 95.0

Ruta #4: [1, 18, 20, 26, 32, 29, 33]
Costo asociado: 196.324      Capacidad: 88.0

Ruta #5: [1, 25, 31, 6, 5, 27]
Costo asociado: 147.977      Capacidad: 89.0

--> Costo total: 889.879          Capacidad total: 460.0

La solución anterior duró 0min 0seg    -------> Nuevo optimo local. Costo: 889.879       ==> Optimo: 778.0  Desvio: 14.399999999999999%
Lista tabu: [((1,18,69.426),1), ((32,29,6.0),1), ((28,16,21.26),2), ((16,1,42.048),2), ((14,11,4.472),2), ((11,16,21.541),1), ((24,28,8.944),3), ((28,16,21.26),3), ((25,31,2.0),3), ((28,31,20.0),2), ((13,10,10.77),6), ((4,34,52.038),6), ((1,4,76.158),6), ((4,10,18.974),5)]

+-+-+-+-+-+-+-+-+-+-+-+-+-+-+-+-+-+-+-+-+-+-+-+-+- Iteracion 17  +-+-+-+-+-+-+-+-+-+-+-+-+-+-+-+-+-+-+-+-+-+-+-+-+-


Ruta #1: [1, 15, 30, 2, 12, 24, 28, 16]
Costo asociado: 159.476      Capacidad: 87.0

Ruta #2: [1, 34, 22, 17, 23, 13, 4, 10, 3]
Costo asociado: 221.26699999999997      Capacidad: 99.0

Ruta #3: [1, 7, 9, 8, 14, 11, 19, 21]
Costo asociado: 152.351      Capacidad: 97.0

Ruta #4: [1, 18, 20, 26, 32, 29, 33]
Costo asociado: 196.324      Capacidad: 88.0

Ruta #5: [1, 25, 31, 6, 5, 27]
Costo asociado: 147.977      Capacidad: 89.0

--> Costo total: 877.3949999999999          Capacidad total: 460.0

La solución anterior duró 0min 0seg    -------> Nuevo optimo local. Costo: 877.395       ==> Optimo: 778.0  Desvio: 12.8%
Lista tabu: [((13,10,10.77),3), ((4,34,52.038),3), ((1,4,76.158),3), ((4,10,18.974),2), ((1,2,52.345),4), ((2,30,14.142),4), ((7,15,10.0),4), ((15,8,8.246),4), ((2,7,20.0),3), ((8,14,16.971),3), ((11,19,32.062),3), ((8,11,16.125),2), ((17,23,8.246),4), ((23,13,16.125),4), ((4,10,18.974),4), ((10,3,18.974),4), ((3,23,16.971),3)]

+-+-+-+-+-+-+-+-+-+-+-+-+-+-+-+-+-+-+-+-+-+-+-+-+- Iteracion 20  +-+-+-+-+-+-+-+-+-+-+-+-+-+-+-+-+-+-+-+-+-+-+-+-+-


Ruta #1: [1, 15, 30, 2, 12, 24, 28, 16]
Costo asociado: 159.476      Capacidad: 87.0

Ruta #2: [1, 34, 22, 17, 23, 13, 4, 10, 3]
Costo asociado: 221.26699999999997      Capacidad: 99.0

Ruta #3: [1, 21, 19, 11, 14, 8, 7, 9]
Costo asociado: 150.663      Capacidad: 97.0

Ruta #4: [1, 18, 20, 26, 32, 29, 33]
Costo asociado: 196.324      Capacidad: 88.0

Ruta #5: [1, 25, 31, 6, 5, 27]
Costo asociado: 147.977      Capacidad: 89.0

--> Costo total: 875.707          Capacidad total: 460.0

La solución anterior duró 0min 0seg    -------> Nuevo optimo local. Costo: 875.707       ==> Optimo: 778.0  Desvio: 12.6%
Lista tabu: [((1,2,52.345),1), ((2,30,14.142),1), ((7,15,10.0),1), ((15,8,8.246),1), ((17,23,8.246),1), ((23,13,16.125),1), ((4,10,18.974),1), ((10,3,18.974),1), ((7,2,20.0),4), ((2,8,23.324),4), ((30,9,11.314),4), ((9,12,13.416),4), ((2,30,14.142),3), ((24,28,8.944),3), ((28,16,21.26),3), ((25,31,2.0),3), ((28,31,20.0),2), ((25,31,2.0),4), ((30,2,14.142),4), ((2,25,22.361),3)]

+-+-+-+-+-+-+-+-+-+-+-+-+-+-+-+-+-+-+-+-+-+-+-+-+- Iteracion 21  +-+-+-+-+-+-+-+-+-+-+-+-+-+-+-+-+-+-+-+-+-+-+-+-+-


Ruta #1: [1, 15, 30, 2, 12, 24, 28, 16, 8]
Costo asociado: 160.143      Capacidad: 94.0

Ruta #2: [1, 34, 22, 17, 23, 13, 4, 10, 3]
Costo asociado: 221.26699999999997      Capacidad: 99.0

Ruta #3: [1, 21, 19, 11, 14, 7, 9]
Costo asociado: 149.692      Capacidad: 90.0

Ruta #4: [1, 18, 20, 26, 32, 29, 33]
Costo asociado: 196.324      Capacidad: 88.0

Ruta #5: [1, 25, 31, 6, 5, 27]
Costo asociado: 147.977      Capacidad: 89.0

--> Costo total: 875.4029999999999          Capacidad total: 460.0

La solución anterior duró 0min 0seg    -------> Nuevo optimo local. Costo: 875.403       ==> Optimo: 778.0  Desvio: 12.5%
Lista tabu: [((7,2,20.0),3), ((2,8,23.324),3), ((30,9,11.314),3), ((9,12,13.416),3), ((2,30,14.142),2), ((24,28,8.944),2), ((28,16,21.26),2), ((25,31,2.0),2), ((28,31,20.0),1), ((25,31,2.0),3), ((30,2,14.142),3), ((2,25,22.361),2), ((1,7,40.249),6), ((9,8,14.142),6), ((8,7,4.0),5)]

+-+-+-+-+-+-+-+-+-+-+-+-+-+-+-+-+-+-+-+-+-+-+-+-+- Iteracion 22  +-+-+-+-+-+-+-+-+-+-+-+-+-+-+-+-+-+-+-+-+-+-+-+-+-


Ruta #1: [1, 15, 30, 2, 12, 24, 28, 16, 8]
Costo asociado: 160.143      Capacidad: 94.0

Ruta #2: [1, 3, 10, 13, 4, 23, 17, 22, 34]
Costo asociado: 220.938      Capacidad: 99.0

Ruta #3: [1, 21, 19, 11, 14, 7, 9]
Costo asociado: 149.692      Capacidad: 90.0

Ruta #4: [1, 18, 20, 26, 32, 29, 33]
Costo asociado: 196.324      Capacidad: 88.0

Ruta #5: [1, 25, 31, 6, 5, 27]
Costo asociado: 147.977      Capacidad: 89.0

--> Costo total: 875.074          Capacidad total: 460.0

La solución anterior duró 0min 0seg    -------> Nuevo optimo local. Costo: 875.074       ==> Optimo: 778.0  Desvio: 12.5%
Lista tabu: [((7,2,20.0),2), ((2,8,23.324),2), ((30,9,11.314),2), ((9,12,13.416),2), ((2,30,14.142),1), ((24,28,8.944),1), ((28,16,21.26),1), ((25,31,2.0),1), ((25,31,2.0),2), ((30,2,14.142),2), ((2,25,22.361),1), ((1,7,40.249),5), ((9,8,14.142),5), ((8,7,4.0),4), ((14,8,16.971),6), ((8,7,4.0),6), ((16,1,42.048),6), ((16,8,6.0),5)]

+-+-+-+-+-+-+-+-+-+-+-+-+-+-+-+-+-+-+-+-+-+-+-+-+- Iteracion 26  +-+-+-+-+-+-+-+-+-+-+-+-+-+-+-+-+-+-+-+-+-+-+-+-+-


Ruta #1: [1, 8, 16, 12, 24, 28, 2, 30, 15]
Costo asociado: 146.191      Capacidad: 94.0

Ruta #2: [1, 3, 10, 13, 4, 23, 17, 22, 34]
Costo asociado: 220.938      Capacidad: 99.0

Ruta #3: [1, 21, 19, 11, 14, 7, 9]
Costo asociado: 149.692      Capacidad: 90.0

Ruta #4: [1, 18, 20, 26, 32, 29, 33]
Costo asociado: 196.324      Capacidad: 88.0

Ruta #5: [1, 25, 31, 6, 5, 27]
Costo asociado: 147.977      Capacidad: 89.0

--> Costo total: 861.122          Capacidad total: 460.0

La solución anterior duró 0min 0seg    -------> Nuevo optimo local. Costo: 861.122       ==> Optimo: 778.0  Desvio: 10.7%
Lista tabu: [((1,7,40.249),1), ((9,8,14.142),1), ((14,8,16.971),2), ((8,7,4.0),2), ((16,1,42.048),2), ((16,8,6.0),1), ((23,13,16.125),3), ((4,10,18.974),3), ((13,10,10.77),2), ((14,7,20.0),2), ((7,9,10.198),2), ((15,30,8.246),2), ((30,2,14.142),2), ((7,15,10.0),1), ((16,8,6.0),3), ((8,1,36.715),3), ((9,1,48.703),3), ((8,9,14.142),2), ((2,12,17.088),4), ((24,28,8.944),4), ((12,28,20.881),3)]

+-+-+-+-+-+-+-+-+-+-+-+-+-+-+-+-+-+-+-+-+-+-+-+-+- Iteracion 36  +-+-+-+-+-+-+-+-+-+-+-+-+-+-+-+-+-+-+-+-+-+-+-+-+-


Ruta #1: [1, 8, 7, 12, 24, 28, 2, 30, 15]
Costo asociado: 146.156      Capacidad: 113.0

Ruta #2: [1, 3, 10, 13, 4, 23, 17, 22, 34]
Costo asociado: 220.938      Capacidad: 99.0

Ruta #3: [1, 21, 19, 11, 14, 16, 9]
Costo asociado: 149.373      Capacidad: 71.0

Ruta #4: [1, 18, 20, 26, 32, 29, 33]
Costo asociado: 196.324      Capacidad: 88.0

Ruta #5: [1, 25, 31, 6, 5, 27]
Costo asociado: 147.977      Capacidad: 89.0

--> Costo total: 860.7679999999999          Capacidad total: 460.0

La solución anterior duró 0min 0seg    -------> Nuevo optimo local. Costo: 860.768       ==> Optimo: 778.0  Desvio: 10.6%
Lista tabu: [((19,11,32.062),1), ((11,14,4.472),1), ((1,8,36.715),1), ((3,10,18.974),2), ((17,22,32.249),2), ((23,17,8.246),2), ((10,17,14.56),1), ((1,25,44.272),3), ((25,31,2.0),3), ((30,15,8.246),3), ((15,1,31.623),3), ((25,30,22.361),2), ((7,9,10.198),4), ((9,1,48.703),4), ((28,2,4.0),4), ((2,30,14.142),4), ((9,30,11.314),3)]

+-+-+-+-+-+-+-+-+-+-+-+-+-+-+-+-+-+-+-+-+-+-+-+-+- Iteracion 39  +-+-+-+-+-+-+-+-+-+-+-+-+-+-+-+-+-+-+-+-+-+-+-+-+-


Ruta #1: [1, 8, 7, 12, 24, 28, 2, 30, 15]
Costo asociado: 146.156      Capacidad: 113.0

Ruta #2: [1, 3, 10, 13, 4, 23, 17, 34]
Costo asociado: 165.81799999999998      Capacidad: 83.0

Ruta #3: [1, 21, 19, 11, 22, 14, 16, 9]
Costo asociado: 186.16100000000003      Capacidad: 87.0

Ruta #4: [1, 18, 20, 26, 32, 29, 33]
Costo asociado: 196.324      Capacidad: 88.0

Ruta #5: [1, 25, 31, 6, 5, 27]
Costo asociado: 147.977      Capacidad: 89.0

--> Costo total: 842.436          Capacidad total: 460.0

La solución anterior duró 0min 0seg    -------> Nuevo optimo local. Costo: 842.436       ==> Optimo: 778.0  Desvio: 8.3%
Lista tabu: [((7,9,10.198),1), ((9,1,48.703),1), ((28,2,4.0),1), ((2,30,14.142),1), ((14,7,20.0),4), ((7,9,10.198),4), ((8,16,6.0),4), ((16,12,20.396),4), ((7,8,4.0),3), ((24,28,8.944),3), ((2,30,14.142),3), ((28,30,15.232),2), ((1,25,44.272),4), ((31,6,14.56),4), ((6,25,16.492),3)]

+-+-+-+-+-+-+-+-+-+-+-+-+-+-+-+-+-+-+-+-+-+-+-+-+- Iteracion 45  +-+-+-+-+-+-+-+-+-+-+-+-+-+-+-+-+-+-+-+-+-+-+-+-+-


Ruta #1: [1, 8, 7, 12, 24, 28, 2, 30, 15]
Costo asociado: 146.156      Capacidad: 113.0

Ruta #2: [1, 3, 10, 13, 4, 23, 17, 34]
Costo asociado: 165.81799999999998      Capacidad: 83.0

Ruta #3: [1, 21, 19, 11, 22, 14, 16, 9]
Costo asociado: 186.16100000000003      Capacidad: 87.0

Ruta #4: [1, 33, 29, 32, 26, 18, 20]
Costo asociado: 193.90800000000002      Capacidad: 88.0

Ruta #5: [1, 25, 31, 6, 5, 27]
Costo asociado: 147.977      Capacidad: 89.0

--> Costo total: 840.02          Capacidad total: 460.0

La solución anterior duró 0min 0seg    -------> Nuevo optimo local. Costo: 840.02       ==> Optimo: 778.0  Desvio: 8.0%
Lista tabu: [((17,22,32.249),1), ((22,34,43.267),1), ((11,14,4.472),1), ((1,18,69.426),1), ((26,32,4.472),1), ((24,28,8.944),2), ((28,2,4.0),2), ((16,9,8.246),2), ((16,28,21.26),1), ((1,18,69.426),3), ((26,32,4.472),3), ((32,18,11.314),2), ((12,24,16.125),4), ((2,30,14.142),4), ((28,2,4.0),4), ((2,12,17.088),3)]

+-+-+-+-+-+-+-+-+-+-+-+-+-+-+-+-+-+-+-+-+-+-+-+-+- Iteracion 60  +-+-+-+-+-+-+-+-+-+-+-+-+-+-+-+-+-+-+-+-+-+-+-+-+-


Ruta #1: [1, 8, 7, 12, 24, 28, 2, 30, 15]
Costo asociado: 146.156      Capacidad: 113.0

Ruta #2: [1, 19, 3, 10, 13, 4, 23, 17, 34]
Costo asociado: 165.902      Capacidad: 92.0

Ruta #3: [1, 21, 11, 22, 14, 16, 9]
Costo asociado: 170.427      Capacidad: 78.0

Ruta #4: [1, 33, 29, 32, 26, 18, 20]
Costo asociado: 193.90800000000002      Capacidad: 88.0

Ruta #5: [1, 25, 31, 6, 5, 27]
Costo asociado: 147.977      Capacidad: 89.0

--> Costo total: 824.37          Capacidad total: 460.0

La solución anterior duró 0min 0seg    -------> Nuevo optimo local. Costo: 824.37       ==> Optimo: 778.0  Desvio: 6.0%
Lista tabu: [((29,32,6.0),1), ((26,18,10.77),1), ((29,32,6.0),2), ((26,18,10.77),2), ((26,29,5.657),1), ((1,8,36.715),3), ((8,7,4.0),3), ((14,16,21.633),3), ((8,14,16.971),2), ((1,8,36.715),4), ((8,7,4.0),4), ((14,16,21.633),4), ((8,16,6.0),3)]

+-+-+-+-+-+-+-+-+-+-+-+-+-+-+-+-+-+-+-+-+-+-+-+-+- Iteracion 81  +-+-+-+-+-+-+-+-+-+-+-+-+-+-+-+-+-+-+-+-+-+-+-+-+-


Ruta #1: [1, 8, 7, 12, 24, 28, 2, 30, 15]
Costo asociado: 146.156      Capacidad: 113.0

Ruta #2: [1, 19, 3, 10, 13, 4, 23, 17, 34]
Costo asociado: 165.902      Capacidad: 92.0

Ruta #3: [1, 21, 22, 14, 11, 16, 9]
Costo asociado: 158.209      Capacidad: 78.0

Ruta #4: [1, 33, 29, 32, 26, 18, 20]
Costo asociado: 193.90800000000002      Capacidad: 88.0

Ruta #5: [1, 25, 31, 6, 5, 27]
Costo asociado: 147.977      Capacidad: 89.0

--> Costo total: 812.1519999999999          Capacidad total: 460.0

La solución anterior duró 0min 0seg    -------> Nuevo optimo local. Costo: 812.152       ==> Optimo: 778.0  Desvio: 4.3999999999999995%
Lista tabu: [((29,32,6.0),1), ((26,18,10.77),1), ((1,8,36.715),2), ((8,7,4.0),2), ((9,1,48.703),2), ((8,9,14.142),1), ((4,23,24.0),3), ((10,13,10.77),3), ((3,10,18.974),3), ((10,23,8.485),2), ((14,16,21.633),4), ((16,9,8.246),4), ((12,24,16.125),4), ((24,28,8.944),4), ((9,24,17.205),3)]

Ruta #1: [1, 8, 7, 12, 24, 28, 2, 30, 15]
Costo asociado: 146.156      Capacidad: 113.0

Ruta #2: [1, 19, 3, 10, 13, 4, 23, 17, 34]
Costo asociado: 165.902      Capacidad: 92.0

Ruta #3: [1, 21, 11, 22, 14, 16, 9]
Costo asociado: 170.427      Capacidad: 78.0

Ruta #4: [1, 33, 29, 32, 26, 18, 20]
Costo asociado: 193.90800000000002      Capacidad: 88.0

Ruta #5: [1, 25, 31, 6, 5, 27]
Costo asociado: 147.977      Capacidad: 89.0

--> Costo total: 824.37          Capacidad total: 460.0

+-+-+-+-+-+-+-+-+-+-+-+-+-+-+-+-+-+-+-+-+-+-+-+-+- Iteracion 628  +-+-+-+-+-+-+-+-+-+-+-+-+-+-+-+-+-+-+-+-+-+-+-+-+-


Ruta #1: [1, 8, 7, 12, 24, 28, 2, 30, 15]
Costo asociado: 146.156      Capacidad: 113.0

Ruta #2: [1, 19, 3, 10, 13, 4, 23, 17, 34]
Costo asociado: 165.902      Capacidad: 92.0

Ruta #3: [1, 21, 22, 14, 11, 16, 9]
Costo asociado: 158.209      Capacidad: 78.0

Ruta #4: [1, 33, 29, 32, 26, 18, 20]
Costo asociado: 193.90800000000002      Capacidad: 88.0

Ruta #5: [1, 25, 31, 6, 5, 27]
Costo asociado: 147.977      Capacidad: 89.0

--> Costo total: 812.1519999999999          Capacidad total: 460.0

+-+-+-+-+-+-+-+-+-+-+-+-+-+-+-+-+-+-+-+-+-+-+-+-+- Iteracion 628  +-+-+-+-+-+-+-+-+-+-+-+-+-+-+-+-+-+-+-+-+-+-+-+-+-

Solucion peor. Costo: 812.152
Lista tabu: [((24,28,8.944),1), ((28,2,4.0),1), ((1,25,44.272),1), ((3,10,18.974),2), ((23,17,8.246),2), ((10,17,14.56),1), ((1,8,36.715),3), ((8,7,4.0),3), ((9,1,48.703),3), ((8,9,14.142),2), ((10,13,10.77),4), ((4,23,24.0),4), ((13,23,16.125),3)]

Ruta #1: [1, 8, 7, 12, 24, 28, 2, 30, 15]
Costo asociado: 146.156      Capacidad: 113.0

Ruta #2: [1, 3, 10, 13, 4, 23, 17, 34]
Costo asociado: 165.81799999999998      Capacidad: 83.0

Ruta #3: [1, 21, 19, 11, 22, 14, 16, 9]
Costo asociado: 186.16100000000003      Capacidad: 87.0

Ruta #4: [1, 33, 29, 32, 26, 18, 20]
Costo asociado: 193.90800000000002      Capacidad: 88.0

Ruta #5: [1, 25, 31, 6, 5, 27]
Costo asociado: 147.977      Capacidad: 89.0

--> Costo total: 840.02          Capacidad total: 460.0

+-+-+-+-+-+-+-+-+-+-+-+-+-+-+-+-+-+-+-+-+-+-+-+-+- Iteracion 931  +-+-+-+-+-+-+-+-+-+-+-+-+-+-+-+-+-+-+-+-+-+-+-+-+-


Ruta #1: [1, 8, 7, 12, 24, 28, 2, 30, 15]
Costo asociado: 146.156      Capacidad: 113.0

Ruta #2: [1, 22, 3, 10, 13, 4, 23, 17, 34]
Costo asociado: 192.946      Capacidad: 99.0

Ruta #3: [1, 21, 19, 11, 14, 16, 9]
Costo asociado: 149.373      Capacidad: 71.0

Ruta #4: [1, 33, 29, 32, 26, 18, 20]
Costo asociado: 193.90800000000002      Capacidad: 88.0

Ruta #5: [1, 25, 31, 6, 5, 27]
Costo asociado: 147.977      Capacidad: 89.0

--> Costo total: 830.36          Capacidad total: 460.0

+-+-+-+-+-+-+-+-+-+-+-+-+-+-+-+-+-+-+-+-+-+-+-+-+- Iteracion 931  +-+-+-+-+-+-+-+-+-+-+-+-+-+-+-+-+-+-+-+-+-+-+-+-+-

Solucion peor. Costo: 830.36
Lista tabu: [((2,30,14.142),2), ((15,1,31.623),2), ((2,15,22.361),1), ((1,25,44.272),3), ((31,6,14.56),3), ((6,25,16.492),2), ((7,12,22.361),4), ((30,15,8.246),4), ((7,30,10.198),3)]

+-+-+-+-+-+-+-+-+-+-+-+-+-+-+-+-+-+-+-+-+-+-+-+-+- Iteracion 947  +-+-+-+-+-+-+-+-+-+-+-+-+-+-+-+-+-+-+-+-+-+-+-+-+-


Ruta #1: [1, 8, 7, 12, 24, 28, 2, 30, 15]
Costo asociado: 146.156      Capacidad: 113.0

Ruta #2: [1, 22, 10, 13, 4, 23, 17, 3, 34]
Costo asociado: 191.92899999999997      Capacidad: 99.0

Ruta #3: [1, 21, 19, 11, 14, 16, 9]
Costo asociado: 149.373      Capacidad: 71.0

Ruta #4: [1, 33, 29, 32, 26, 18, 20]
Costo asociado: 193.90800000000002      Capacidad: 88.0

Ruta #5: [1, 25, 31, 6, 5, 27]
Costo asociado: 147.977      Capacidad: 89.0

--> Costo total: 829.343          Capacidad total: 460.0

+-+-+-+-+-+-+-+-+-+-+-+-+-+-+-+-+-+-+-+-+-+-+-+-+- Iteracion 947  +-+-+-+-+-+-+-+-+-+-+-+-+-+-+-+-+-+-+-+-+-+-+-+-+-

Solucion peor. Costo: 829.343
Lista tabu: [((24,28,8.944),1), ((2,30,14.142),1), ((1,8,36.715),2), ((8,7,4.0),2), ((11,14,4.472),2), ((8,11,16.125),1), ((7,12,22.361),3), ((12,24,16.125),3), ((16,9,8.246),3), ((9,12,13.416),2), ((1,8,36.715),4), ((8,7,4.0),4), ((9,1,48.703),4), ((8,9,14.142),3)]

+-+-+-+-+-+-+-+-+-+-+-+-+-+-+-+-+-+-+-+-+-+-+-+-+- Iteracion 1021  +-+-+-+-+-+-+-+-+-+-+-+-+-+-+-+-+-+-+-+-+-+-+-+-+-


Ruta #1: [1, 8, 7, 12, 24, 28, 2, 30, 15]
Costo asociado: 146.156      Capacidad: 113.0

Ruta #2: [1, 34, 3, 17, 23, 10, 13, 4, 22]
Costo asociado: 190.72699999999998      Capacidad: 99.0

Ruta #3: [1, 21, 19, 11, 14, 16, 9]
Costo asociado: 149.373      Capacidad: 71.0

Ruta #4: [1, 33, 29, 32, 26, 18, 20]
Costo asociado: 193.90800000000002      Capacidad: 88.0

Ruta #5: [1, 25, 31, 6, 5, 27]
Costo asociado: 147.977      Capacidad: 89.0

--> Costo total: 828.141          Capacidad total: 460.0

+-+-+-+-+-+-+-+-+-+-+-+-+-+-+-+-+-+-+-+-+-+-+-+-+- Iteracion 1021  +-+-+-+-+-+-+-+-+-+-+-+-+-+-+-+-+-+-+-+-+-+-+-+-+-

Solucion peor. Costo: 828.141
Lista tabu: [((24,28,8.944),1), ((28,2,4.0),1), ((25,31,2.0),1), ((23,17,8.246),2), ((17,3,10.77),2), ((19,11,32.062),2), ((19,17,19.799),1), ((3,34,21.26),3), ((34,1,36.715),3), ((1,21,12.166),3), ((21,34,25.612),2), ((23,17,8.246),4), ((17,3,10.77),4), ((19,11,32.062),4), ((19,17,19.799),3)]

Ruta #1: [1, 8, 7, 12, 24, 28, 2, 30, 15]
Costo asociado: 146.156      Capacidad: 113.0

Ruta #2: [1, 3, 10, 13, 4, 23, 17, 34]
Costo asociado: 165.81799999999998      Capacidad: 83.0

Ruta #3: [1, 21, 19, 11, 22, 14, 16, 9]
Costo asociado: 186.16100000000003      Capacidad: 87.0

Ruta #4: [1, 18, 20, 26, 32, 29, 33]
Costo asociado: 196.324      Capacidad: 88.0

Ruta #5: [1, 25, 31, 6, 5, 27]
Costo asociado: 147.977      Capacidad: 89.0

--> Costo total: 842.436          Capacidad total: 460.0

+-+-+-+-+-+-+-+-+-+-+-+-+-+-+-+-+-+-+-+-+-+-+-+-+- Iteracion 1322  +-+-+-+-+-+-+-+-+-+-+-+-+-+-+-+-+-+-+-+-+-+-+-+-+-


Ruta #1: [1, 8, 7, 12, 24, 28, 2, 30, 15]
Costo asociado: 146.156      Capacidad: 113.0

Ruta #2: [1, 3, 10, 13, 4, 23, 17, 34]
Costo asociado: 165.81799999999998      Capacidad: 83.0

Ruta #3: [1, 21, 19, 11, 22, 14, 16, 9]
Costo asociado: 186.16100000000003      Capacidad: 87.0

Ruta #4: [1, 33, 29, 32, 26, 18, 20]
Costo asociado: 193.90800000000002      Capacidad: 88.0

Ruta #5: [1, 25, 31, 6, 5, 27]
Costo asociado: 147.977      Capacidad: 89.0

--> Costo total: 840.02          Capacidad total: 460.0

+-+-+-+-+-+-+-+-+-+-+-+-+-+-+-+-+-+-+-+-+-+-+-+-+- Iteracion 1322  +-+-+-+-+-+-+-+-+-+-+-+-+-+-+-+-+-+-+-+-+-+-+-+-+-

Solucion peor. Costo: 840.02
Lista tabu: [((7,12,22.361),4), ((12,24,16.125),4), ((16,9,8.246),4), ((9,12,13.416),3)]

+-+-+-+-+-+-+-+-+-+-+-+-+-+-+-+-+-+-+-+-+-+-+-+-+- Iteracion 1333  +-+-+-+-+-+-+-+-+-+-+-+-+-+-+-+-+-+-+-+-+-+-+-+-+-


Ruta #1: [1, 8, 7, 12, 24, 28, 2, 30, 15]
Costo asociado: 146.156      Capacidad: 113.0

Ruta #2: [1, 3, 10, 13, 4, 23, 17, 34]
Costo asociado: 165.81799999999998      Capacidad: 83.0

Ruta #3: [1, 21, 19, 22, 14, 11, 16, 9]
Costo asociado: 162.675      Capacidad: 87.0

Ruta #4: [1, 33, 29, 32, 26, 18, 20]
Costo asociado: 193.90800000000002      Capacidad: 88.0

Ruta #5: [1, 25, 31, 6, 5, 27]
Costo asociado: 147.977      Capacidad: 89.0

--> Costo total: 816.534          Capacidad total: 460.0

+-+-+-+-+-+-+-+-+-+-+-+-+-+-+-+-+-+-+-+-+-+-+-+-+- Iteracion 1333  +-+-+-+-+-+-+-+-+-+-+-+-+-+-+-+-+-+-+-+-+-+-+-+-+-

Solucion peor. Costo: 816.534
Lista tabu: [((8,7,4.0),1), ((30,15,8.246),1), ((30,15,8.246),2), ((15,1,31.623),2), ((16,9,8.246),2), ((9,15,17.088),1), ((29,32,6.0),3), ((26,18,10.77),3), ((32,18,11.314),2), ((7,12,22.361),4), ((12,24,16.125),4), ((20,1,69.656),4), ((12,20,22.361),3)]

+-+-+-+-+-+-+-+-+-+-+-+-+-+-+-+-+-+-+-+-+-+-+-+-+- Iteracion 1351  +-+-+-+-+-+-+-+-+-+-+-+-+-+-+-+-+-+-+-+-+-+-+-+-+-


Ruta #1: [1, 8, 7, 12, 24, 28, 2, 30, 15]
Costo asociado: 146.156      Capacidad: 113.0

Ruta #2: [1, 3, 10, 13, 4, 23, 17, 34, 21]
Costo asociado: 166.88099999999997      Capacidad: 96.0

Ruta #3: [1, 19, 22, 14, 11, 16, 9]
Costo asociado: 156.20299999999997      Capacidad: 74.0

Ruta #4: [1, 33, 29, 32, 26, 18, 20]
Costo asociado: 193.90800000000002      Capacidad: 88.0

Ruta #5: [1, 25, 31, 6, 5, 27]
Costo asociado: 147.977      Capacidad: 89.0

--> Costo total: 811.1249999999999          Capacidad total: 460.0

La solución anterior duró 0min 2seg    -------> Nuevo optimo local. Costo: 811.125       ==> Optimo: 778.0  Desvio: 4.3%
Lista tabu: [((29,32,6.0),1), ((26,18,10.77),1), ((12,24,16.125),2), ((2,30,14.142),2), ((30,24,22.091),1), ((1,8,36.715),3), ((8,7,4.0),3), ((11,16,21.541),3), ((8,11,16.125),2), ((1,25,44.272),4), ((31,6,14.56),4), ((6,25,16.492),3)]

Ruta #1: [1, 8, 7, 12, 24, 28, 2, 30, 15]
Costo asociado: 146.156      Capacidad: 113.0

Ruta #2: [1, 19, 3, 10, 13, 4, 23, 17, 34]
Costo asociado: 165.902      Capacidad: 92.0

Ruta #3: [1, 21, 22, 14, 11, 16, 9]
Costo asociado: 158.209      Capacidad: 78.0

Ruta #4: [1, 33, 29, 32, 26, 18, 20]
Costo asociado: 193.90800000000002      Capacidad: 88.0

Ruta #5: [1, 25, 31, 6, 5, 27]
Costo asociado: 147.977      Capacidad: 89.0

--> Costo total: 812.1519999999999          Capacidad total: 460.0

Ruta #1: [1, 8, 7, 12, 24, 28, 2, 30, 15]
Costo asociado: 146.156      Capacidad: 113.0

Ruta #2: [1, 19, 3, 10, 13, 4, 23, 17, 34]
Costo asociado: 165.902      Capacidad: 92.0

Ruta #3: [1, 21, 11, 22, 14, 16, 9]
Costo asociado: 170.427      Capacidad: 78.0

Ruta #4: [1, 33, 29, 32, 26, 18, 20]
Costo asociado: 193.90800000000002      Capacidad: 88.0

Ruta #5: [1, 25, 31, 6, 5, 27]
Costo asociado: 147.977      Capacidad: 89.0

--> Costo total: 824.37          Capacidad total: 460.0

+-+-+-+-+-+-+-+-+-+-+-+-+-+-+-+-+-+-+-+-+-+-+-+-+- Iteracion 1960  +-+-+-+-+-+-+-+-+-+-+-+-+-+-+-+-+-+-+-+-+-+-+-+-+-


Ruta #1: [1, 8, 7, 12, 24, 28, 2, 30, 15]
Costo asociado: 146.156      Capacidad: 113.0

Ruta #2: [1, 19, 3, 10, 13, 4, 23, 17, 34]
Costo asociado: 165.902      Capacidad: 92.0

Ruta #3: [1, 9, 16, 14, 11, 22, 21]
Costo asociado: 159.561      Capacidad: 78.0

Ruta #4: [1, 33, 29, 32, 26, 18, 20]
Costo asociado: 193.90800000000002      Capacidad: 88.0

Ruta #5: [1, 25, 31, 6, 5, 27]
Costo asociado: 147.977      Capacidad: 89.0

--> Costo total: 813.504          Capacidad total: 460.0

+-+-+-+-+-+-+-+-+-+-+-+-+-+-+-+-+-+-+-+-+-+-+-+-+- Iteracion 1960  +-+-+-+-+-+-+-+-+-+-+-+-+-+-+-+-+-+-+-+-+-+-+-+-+-

Solucion peor. Costo: 813.504
Lista tabu: [((7,12,22.361),1), ((30,15,8.246),1), ((30,15,8.246),2), ((15,1,31.623),2), ((21,11,38.419),2), ((11,15,20.0),1), ((24,28,8.944),3), ((28,2,4.0),3), ((25,31,2.0),3), ((28,31,20.0),2), ((8,7,4.0),4), ((2,30,14.142),4), ((8,2,23.324),3)]

+-+-+-+-+-+-+-+-+-+-+-+-+-+-+-+-+-+-+-+-+-+-+-+-+- Iteracion 1970  +-+-+-+-+-+-+-+-+-+-+-+-+-+-+-+-+-+-+-+-+-+-+-+-+-


Ruta #1: [1, 8, 7, 12, 24, 28, 2, 30, 15]
Costo asociado: 146.156      Capacidad: 113.0

Ruta #2: [1, 19, 3, 10, 13, 4, 23, 17, 34]
Costo asociado: 165.902      Capacidad: 92.0

Ruta #3: [1, 21, 22, 14, 11, 16, 9]
Costo asociado: 158.209      Capacidad: 78.0

Ruta #4: [1, 33, 29, 32, 26, 18, 20]
Costo asociado: 193.90800000000002      Capacidad: 88.0

Ruta #5: [1, 25, 31, 6, 5, 27]
Costo asociado: 147.977      Capacidad: 89.0

--> Costo total: 812.1519999999999          Capacidad total: 460.0

+-+-+-+-+-+-+-+-+-+-+-+-+-+-+-+-+-+-+-+-+-+-+-+-+- Iteracion 1970  +-+-+-+-+-+-+-+-+-+-+-+-+-+-+-+-+-+-+-+-+-+-+-+-+-

Solucion peor. Costo: 812.152
Lista tabu: [((8,7,4.0),1), ((7,12,22.361),1), ((9,16,8.246),1), ((16,14,21.633),1), ((8,7,4.0),2), ((2,30,14.142),2), ((8,2,23.324),1), ((30,15,8.246),3), ((15,1,31.623),3), ((16,14,21.633),3), ((15,16,11.314),2), ((1,19,27.785),4), ((19,3,10.77),4), ((22,21,43.081),4), ((21,1,12.166),4), ((19,22,25.456),3)]

Ruta #1: [1, 8, 7, 12, 24, 28, 2, 30, 15]
Costo asociado: 146.156      Capacidad: 113.0

Ruta #2: [1, 3, 10, 13, 4, 23, 17, 34]
Costo asociado: 165.81799999999998      Capacidad: 83.0

Ruta #3: [1, 21, 19, 11, 22, 14, 16, 9]
Costo asociado: 186.16100000000003      Capacidad: 87.0

Ruta #4: [1, 33, 29, 32, 26, 18, 20]
Costo asociado: 193.90800000000002      Capacidad: 88.0

Ruta #5: [1, 25, 31, 6, 5, 27]
Costo asociado: 147.977      Capacidad: 89.0

--> Costo total: 840.02          Capacidad total: 460.0

